     0/299     5.03G   0.05761   0.02477    0.0225    0.1049         1      1280         0         0         0         0         0         0         0
     1/299     5.03G   0.04287   0.01764   0.02079    0.0813        22      1280         0         0         0         0         0         0         0
     2/299     5.03G   0.04124   0.01691   0.02031   0.07846         2      1280         0         0         0         0         0         0         0
     3/299     5.03G   0.03422   0.01764   0.01934    0.0712         2      1280    0.2994    0.5803    0.3537    0.1842   0.02787   0.01719   0.01568
     4/299     5.16G   0.02915    0.0186   0.01809   0.06585         1      1280    0.2913    0.5925    0.3826    0.2003   0.02691   0.01811   0.01442
     5/299     5.15G   0.02995    0.0195   0.01796    0.0674        22      1280    0.2919    0.5396    0.3172     0.166   0.02742   0.01827   0.01697
     6/299     5.15G   0.02858   0.01898    0.0173   0.06487         2      1280    0.2812    0.5957    0.3638    0.1851    0.0271   0.01816   0.01501
     7/299     5.15G   0.02674   0.01844   0.01647   0.06165         2      1280    0.2985    0.5884    0.4068     0.218   0.02638   0.01815   0.01409
     8/299     5.15G   0.02829   0.01915    0.0164   0.06383        11      1280    0.2766    0.6039    0.3925    0.2191     0.026   0.01832   0.01408
     9/299     5.15G   0.02764    0.0195   0.01645   0.06359         6      1280    0.3223    0.5639     0.389    0.2076   0.02659   0.01826   0.01366
    10/299     5.15G   0.02714   0.01892    0.0159   0.06196         3      1280    0.2976    0.6364    0.4023    0.2267   0.02519   0.01822   0.01407
